   0.0000000000000000                1
   0.0000000000000000                2
   0.0000000000000000                3
   7.9503591405200003E-004           4
   1.1393268108400001                5
   5.1673750877400000                6
   2.5905203025599998E-016           7
  0.19140727818000000                8
  0.26993530988699999                9
   1.5781311958600001E-004          10
   0.0000000000000000               11
  0.18409506976600001               12
   1.0833561646000000E-005          13
  0.10502831637899999               14
   2.0452162716500001E-003          15
   5.3762111812800002E-002          16
   2.7813386172100000E-002          17
  0.38260102272000002               18
   5.9776870330100000E-005          19
   4.3043531477500001E-002          20
   4.5830160379399999E-002          21
  0.10722278058500000               22
   1.2571425437899999               23
   1.7997162649400000E-004          24
   7.4404204497100000E-004          25
  0.13700748979999999               26
   1.5568655729300001               27
  0.15563082695000000               28
   1.6565924882900001               29
   2.4214546680500000               30
