   5.9138225720700005E-016           1           1
   3.7028316339799997E-015           2           1
   9.0596281610500004E-017           3           1
   1.0621693412000000E-012           4           1
   8.6075192112799995E-012           5           1
   4.0825997096900002E-012           6           1
   1.2163213128099999E-016           7           1
   0.0000000000000000                8           1
   1.7000042053300000E-013           9           1
   2.9529130876600000E-012          10           1
   6.4298972475200005E-017          11           1
   6.4303240727200000E-017          12           1
   9.0249653229199997E-017          13           1
   1.7652619817300001E-012          14           1
   1.0522484305300000E-013          15           1
   5.9760668093800000E-014          16           1
   1.2557421838200000E-014          17           1
   1.4754370685299999E-013          18           1
   2.0492008900800000E-014          19           1
   1.4372645868600000E-012          20           1
   5.3244342833599996E-015          21           1
   1.0920908020800000E-015          22           1
   3.0454523451699999E-013          23           1
   3.8330142452200003E-015          24           1
   3.6405943635200000E-014          25           1
   5.1350162186599998E-013          26           1
   4.0009102801599998E-012          27           1
   5.4947756414300002E-012          28           1
   5.6975973418399997E-013          29           1
   2.1445734118100001E-014          30           1
   5.8148100050299996E-012           1           2
   6.1401730921999996E-011           2           2
   4.4547129656899998E-013           3           2
   2.5145102000600001E-008           4           2
   1.7280967767900000E-007           5           2
   7.7640407880599996E-008           6           2
   7.9622240875200001E-013           7           2
   0.0000000000000000                8           2
   3.1109783638100002E-009           9           2
   5.1778513920900001E-008          10           2
   5.1117665449199997E-016          11           2
   5.1118724240400000E-016          12           2
   2.1230970540700001E-012          13           2
   3.5938242604099999E-008          14           2
   3.9660053019500003E-009          15           2
   1.3101023599300001E-009          16           2
   3.8388298095900002E-010          17           2
   1.6457643026199999E-009          18           2
   3.7154512799699998E-010          19           2
   1.3813746590999999E-008          20           2
   3.4231087409100001E-010          21           2
   1.5577210354900001E-010          22           2
   6.7259837699400001E-009          23           2
   8.2772615150900006E-011          24           2
   9.0714902256700003E-010          25           2
   4.4761677031600000E-008          26           2
   5.4051920272999997E-008          27           2
   1.0705561237500000E-007          28           2
   1.1843258818099999E-008          29           2
   4.4461420656300000E-010          30           2
   6.5469424725999999E-007           1           3
   1.5374436043199999E-002           2           3
   4.2323499371800002E-008           3           3
   1.9551166333299998E-003           4           3
   1.1580339632900000E-002           5           3
   5.3768125362699997E-003           6           3
   7.5843558988700001E-008           7           3
   0.0000000000000000                8           3
   2.3988996690600000E-004           9           3
   3.7326489109500002E-003          10           3
   1.1617157456799999E-015          11           3
   7.7112304036700006E-015          12           3
   3.2761195711800001E-007          13           3
   2.3034531623100001E-003          14           3
   4.6925508650000000E-004          15           3
   8.9344561274600003E-005          16           3
   4.0616741898699998E-005          17           3
   9.7131451184399997E-005          18           3
   2.7282439987200002E-005          19           3
   9.7780150827000002E-004          20           3
   2.7477042749500000E-005          21           3
   1.7974689399099999E-005          22           3
   5.7647464564099997E-004          23           3
   6.7152104747899999E-006          24           3
   8.3289152826200000E-005          25           3
   3.6660321056800000E-003          26           3
   3.2052514143300001E-003          27           3
   7.8012561425599997E-003          28           3
   8.9299638057100002E-004          29           3
   3.3292482839899999E-005          30           3
  0.15039417147600001                1           4
  0.22008322179299999                2           4
   1.4255150454100000E-003           3           4
  0.16513521969299999                4           4
  0.78095853328700005                5           4
  0.18364025652400001                6           4
   2.5532306172000000E-003           7           4
   0.0000000000000000                8           4
   2.7067091315999998E-002           9           4
  0.43550944328300001               10           4
   2.1322414591299999E-014          11           4
   3.2941711424600001E-012          12           4
   5.0263348384800002E-005          13           4
  0.12310162186600000               14           4
   4.0686335414599997E-002          15           4
   4.7479635104500000E-003          16           4
   1.1546700261500000E-002          17           4
   5.7056611403800001E-003          18           4
   3.4929565154000002E-003          19           4
   4.2560301721100001E-002          20           4
   5.8925892226400003E-003          21           4
   3.4502474591100001E-003          22           4
  0.10044291615500001               23           4
   5.4469769820600002E-003          24           4
   9.3478947877899995E-002          25           4
  0.44679814577100002               26           4
  0.17241075635000000               27           4
  0.55600899457899999               28           4
   6.5930694341700000E-002          29           4
   2.3993030190500001E-003          30           4
   1.3096058368700001                1           5
  0.84351599216499995                2           5
  0.12218508869399999                3           5
   3.2797396182999998                4           5
  0.85092449188200003                5           5
  0.14568991959100000                6           5
  0.21874533593699999                7           5
   0.0000000000000000                8           5
   3.5688135772899997E-002           9           5
   1.7017925977699999               10           5
   2.9688474985700000E-013          11           5
   6.4269492505699999E-012          12           5
   1.0233863577000000E-004          13           5
  0.11305195838200000               14           5
   6.8281419575199995E-002          15           5
   3.9476286619900000E-003          16           5
   1.9049214199199999E-002          17           5
   5.3640278056299997E-003          18           5
   4.2418934404900001E-002          19           5
   3.4659191966099998E-002          20           5
   8.1668654456699998E-003          21           5
   4.8194974660899998E-003          22           5
  0.18276076018800000               23           5
   1.9214412197499999E-002          24           5
  0.49933177232699999               25           5
  0.74355757236499997               26           5
  0.16875220835200000               27           5
  0.85221046209300000               28           5
   8.1172607839100006E-002          29           5
   2.9198813717800001E-003          30           5
   1.7867615222900000                1           6
  0.62472558021500002                2           6
  0.46365770697600001                3           6
   1.0814408063900001                4           6
   3.4374117851299998E-002           5           6
   6.9325659424099998E-003           6           6
  0.78584474325200004                7           6
   0.0000000000000000                8           6
   1.2638854095700001E-003           9           6
  0.18989670276599999               10           6
   8.9029898362400005E-014          11           6
   2.6397896997700002E-013          12           6
   9.6405847216400008E-006          13           6
   5.2893026731900003E-003          14           6
   6.9551011547400003E-003          15           6
   1.2612192949699999E-004          16           6
   1.2389512267000000E-003          17           6
   1.9281878485300001E-004          18           6
   8.3210337907099995E-003          19           6
   1.5024235472100001E-003          20           6
   4.0069429087500003E-004          21           6
   2.2000621538599999E-004          22           6
   1.1345040053100001E-002          23           6
   3.3041229471599998E-003          24           6
  0.11021065712000000               25           6
   5.3998544812199997E-002          26           6
   7.3045515455299999E-003          27           6
   6.6605031490300004E-002          28           6
   3.5618997644600000E-003          29           6
   1.2784000136899999E-004          30           6
   1.0700217485400001                1           7
   3.1260449439300002E-002           2           7
   2.4850590154499998E-002           3           7
   6.1651185154900000E-002           4           7
   1.4880477683599999E-003           5           7
   2.6601247372999998E-004           6           7
   4.2020551860300001E-002           7           7
   0.0000000000000000                8           7
   6.8415509304000003E-005           9           7
   1.2012084946000000E-002          10           7
   6.0127917015800002E-015          11           7
   1.4425591119900001E-014          12           7
   5.8014887827099996E-007          13           7
   2.6225589681399999E-004          14           7
   3.9648098754700001E-004          15           7
   5.0608300625799998E-006          16           7
   8.0793222878100006E-005          17           7
   9.0228231783799996E-006          18           7
   4.9461802700499996E-004          19           7
   6.2335057009500004E-005          20           7
   2.4752258468700001E-005          21           7
   1.2100967069300000E-005          22           7
   7.7187235001500000E-004          23           7
   2.0818061602799999E-004          24           7
   6.5496452152700004E-003          25           7
   3.1719908583900001E-003          26           7
   3.3628201344999999E-004          27           7
   4.1556595824700001E-003          28           7
   2.0804042287600000E-004          29           7
   7.4614717959800001E-006          30           7
