   0.0000000000000000       0.20000000000000001     
   0.0000000000000000       0.20000000000000001     
   0.0000000000000000       0.20000000000000001     
   0.0000000000000000       0.20000000000000001     
   0.0000000000000000        1.0000000000000000     
   0.0000000000000000       0.20000000000000001     
   0.0000000000000000       0.20000000000000001     
   0.0000000000000000       0.20000000000000001     
  0.20000000000000001       0.80000000000000004     
   0.0000000000000000        1.0000000000000000     
   0.0000000000000000       0.20000000000000001     
   0.0000000000000000       0.20000000000000001     
   0.0000000000000000       0.20000000000000001     
  0.80000000000000004        1.0000000000000000     
   0.0000000000000000        1.0000000000000000     
   0.0000000000000000       0.20000000000000001     
   0.0000000000000000       0.20000000000000001     
  0.20000000000000001       0.80000000000000004     
   0.0000000000000000       0.20000000000000001     
   0.0000000000000000        1.0000000000000000     
   0.0000000000000000       0.20000000000000001     
   0.0000000000000000       0.20000000000000001     
  0.20000000000000001       0.80000000000000004     
  0.20000000000000001       0.80000000000000004     
   0.0000000000000000        1.0000000000000000     
   0.0000000000000000       0.20000000000000001     
   0.0000000000000000       0.20000000000000001     
  0.80000000000000004        1.0000000000000000     
   0.0000000000000000       0.20000000000000001     
   0.0000000000000000        1.0000000000000000     
   0.0000000000000000       0.20000000000000001     
  0.20000000000000001       0.80000000000000004     
   0.0000000000000000       0.20000000000000001     
   0.0000000000000000       0.20000000000000001     
   0.0000000000000000        1.0000000000000000     
   0.0000000000000000       0.20000000000000001     
  0.20000000000000001       0.80000000000000004     
   0.0000000000000000       0.20000000000000001     
  0.20000000000000001       0.80000000000000004     
   0.0000000000000000        1.0000000000000000     
   0.0000000000000000       0.20000000000000001     
  0.20000000000000001       0.80000000000000004     
  0.20000000000000001       0.80000000000000004     
   0.0000000000000000       0.20000000000000001     
   0.0000000000000000        1.0000000000000000     
   0.0000000000000000       0.20000000000000001     
  0.20000000000000001       0.80000000000000004     
  0.20000000000000001       0.80000000000000004     
  0.20000000000000001       0.80000000000000004     
   0.0000000000000000        1.0000000000000000     
   0.0000000000000000       0.20000000000000001     
  0.80000000000000004        1.0000000000000000     
   0.0000000000000000       0.20000000000000001     
   0.0000000000000000       0.20000000000000001     
   0.0000000000000000        1.0000000000000000     
  0.20000000000000001       0.80000000000000004     
   0.0000000000000000       0.20000000000000001     
   0.0000000000000000       0.20000000000000001     
   0.0000000000000000       0.20000000000000001     
   0.0000000000000000        1.0000000000000000     
  0.20000000000000001       0.80000000000000004     
   0.0000000000000000       0.20000000000000001     
   0.0000000000000000       0.20000000000000001     
  0.20000000000000001       0.80000000000000004     
   0.0000000000000000        1.0000000000000000     
  0.20000000000000001       0.80000000000000004     
   0.0000000000000000       0.20000000000000001     
  0.20000000000000001       0.80000000000000004     
   0.0000000000000000       0.20000000000000001     
   0.0000000000000000        1.0000000000000000     
  0.20000000000000001       0.80000000000000004     
   0.0000000000000000       0.20000000000000001     
  0.20000000000000001       0.80000000000000004     
  0.20000000000000001       0.80000000000000004     
   0.0000000000000000        1.0000000000000000     
  0.20000000000000001       0.80000000000000004     
  0.20000000000000001       0.80000000000000004     
   0.0000000000000000       0.20000000000000001     
   0.0000000000000000       0.20000000000000001     
   0.0000000000000000        1.0000000000000000     
  0.20000000000000001       0.80000000000000004     
  0.20000000000000001       0.80000000000000004     
   0.0000000000000000       0.20000000000000001     
  0.20000000000000001       0.80000000000000004     
   0.0000000000000000        1.0000000000000000     
  0.20000000000000001       0.80000000000000004     
  0.20000000000000001       0.80000000000000004     
  0.20000000000000001       0.80000000000000004     
   0.0000000000000000       0.20000000000000001     
   0.0000000000000000        1.0000000000000000     
  0.20000000000000001       0.80000000000000004     
  0.20000000000000001       0.80000000000000004     
  0.20000000000000001       0.80000000000000004     
  0.20000000000000001       0.80000000000000004     
   0.0000000000000000        1.0000000000000000     
  0.80000000000000004        1.0000000000000000     
   0.0000000000000000       0.20000000000000001     
   0.0000000000000000       0.20000000000000001     
   0.0000000000000000       0.20000000000000001     
   0.0000000000000000        1.0000000000000000     
